{"nbformat":4,"nbformat_minor":0,"metadata":{"colab":{"provenance":[],"authorship_tag":"ABX9TyNpGsQZqHfEkP0Ami5FSyQ7"},"kernelspec":{"name":"python3","display_name":"Python 3"},"language_info":{"name":"python"}},"cells":[{"cell_type":"code","execution_count":5,"metadata":{"id":"dLqwS_IwD7Oo","executionInfo":{"status":"ok","timestamp":1719128966290,"user_tz":-540,"elapsed":345,"user":{"displayName":"조한준","userId":"14407487192292876331"}}},"outputs":[],"source":["import numpy as np\n","from scipy.linalg import svd\n","from sklearn.decomposition import PCA"]},{"cell_type":"code","source":["# PCA\n","# 예제 데이터 생성\n","np.random.seed(0)\n","data = np.random.randn(5, 3)\n","\n","# PCA 수행\n","pca = PCA(n_components=2)\n","pca.fit(data)\n","transformed_data = pca.transform(data)\n","\n","# 결과 출력\n","print(\"Original Data:\")\n","print(data)\n","print(\"\\nPrincipal Components:\")\n","print(pca.components_)\n","print(\"\\nExplained Variance:\")\n","print(pca.explained_variance_)\n","print(\"\\nTransformed Data:\")\n","print(transformed_data)\n","\n","# 역변환하여 원본 데이터 복원\n","reconstructed_data = pca.inverse_transform(transformed_data)\n","print(\"\\nReconstructed Data:\")\n","print(reconstructed_data)\n"],"metadata":{"colab":{"base_uri":"https://localhost:8080/"},"id":"neCJexG3D8Zq","executionInfo":{"status":"ok","timestamp":1719128966683,"user_tz":-540,"elapsed":6,"user":{"displayName":"조한준","userId":"14407487192292876331"}},"outputId":"0aa577fa-08b9-4ad3-d091-474a5887b672"},"execution_count":6,"outputs":[{"output_type":"stream","name":"stdout","text":["Original Data:\n","[[ 1.76405235  0.40015721  0.97873798]\n"," [ 2.2408932   1.86755799 -0.97727788]\n"," [ 0.95008842 -0.15135721 -0.10321885]\n"," [ 0.4105985   0.14404357  1.45427351]\n"," [ 0.76103773  0.12167502  0.44386323]]\n","\n","Principal Components:\n","[[ 0.51356804  0.55749392 -0.65226405]\n"," [-0.46282974 -0.46011835 -0.75768049]]\n","\n","Explained Variance:\n","[1.68684967 0.3132443 ]\n","\n","Transformed Data:\n","[[-0.16989797 -0.68360167]\n"," [ 2.1688981  -0.09744077]\n"," [-0.18966821  0.76666454]\n"," [-1.31794514 -0.29964437]\n"," [-0.49138678  0.31402227]]\n","\n","Reconstructed Data:\n","[[ 1.45447105  0.6962359   0.98804559]\n"," [ 2.38430928  1.7303971  -0.9815897 ]\n"," [ 0.77309135  0.01792001 -0.09789741]\n"," [ 0.68716386 -0.1204592   1.44595853]\n"," [ 0.82763464  0.05798277  0.44186099]]\n"]}]},{"cell_type":"code","source":["# SVD\n","# 예제 데이터 생성\n","np.random.seed(0)\n","data = np.random.randn(5, 3)\n","\n","# SVD 수행\n","U, S, VT = svd(data)\n","\n","# 결과 출력\n","print(\"Original Data:\")\n","print(data)\n","print(\"\\nU matrix:\")\n","print(U)\n","print(\"\\nSingular values:\")\n","print(S)\n","print(\"\\nVT matrix:\")\n","print(VT)\n","\n","# 재구성된 데이터 확인 (U * S * VT)\n","S_matrix = np.zeros((U.shape[0], VT.shape[0]))\n","np.fill_diagonal(S_matrix, S)\n","reconstructed_data = np.dot(U, np.dot(S_matrix, VT))\n","print(\"\\nReconstructed Data:\")\n","print(reconstructed_data)\n"],"metadata":{"colab":{"base_uri":"https://localhost:8080/"},"id":"XmG223xJEfCh","executionInfo":{"status":"ok","timestamp":1719128967460,"user_tz":-540,"elapsed":3,"user":{"displayName":"조한준","userId":"14407487192292876331"}},"outputId":"b0c3e398-ee83-471d-dd06-7ebe036ac424"},"execution_count":7,"outputs":[{"output_type":"stream","name":"stdout","text":["Original Data:\n","[[ 1.76405235  0.40015721  0.97873798]\n"," [ 2.2408932   1.86755799 -0.97727788]\n"," [ 0.95008842 -0.15135721 -0.10321885]\n"," [ 0.4105985   0.14404357  1.45427351]\n"," [ 0.76103773  0.12167502  0.44386323]]\n","\n","U matrix:\n","[[-0.48210141 -0.52904292 -0.21861646 -0.559567   -0.35606661]\n"," [-0.81822219  0.47275608  0.29815135  0.13410847  0.01161116]\n"," [-0.21411045 -0.05028782 -0.77030394  0.59144894 -0.0919121 ]\n"," [-0.10926226 -0.65923749  0.50011465  0.54912565 -0.04259167]\n"," [-0.20077137 -0.24391053 -0.1408183  -0.13247208  0.92888098]]\n","\n","Singular values:\n","[3.53789464 2.14896553 0.76883707]\n","\n","VT matrix:\n","[[-0.87201072 -0.48863919  0.02879325]\n"," [-0.17587459  0.25787931 -0.95003494]\n"," [-0.45679912  0.83350465  0.31081274]]\n","\n","Reconstructed Data:\n","[[ 1.76405235  0.40015721  0.97873798]\n"," [ 2.2408932   1.86755799 -0.97727788]\n"," [ 0.95008842 -0.15135721 -0.10321885]\n"," [ 0.4105985   0.14404357  1.45427351]\n"," [ 0.76103773  0.12167502  0.44386323]]\n"]}]},{"cell_type":"code","source":[],"metadata":{"id":"DwIi-C5HERLJ"},"execution_count":null,"outputs":[]}]}